<pre>--- Summary ---
Tests passed: 1 out of 18

--- Details ---
Test #0: failed 
Description: Test Case 01: Deterministic Tree (group: DTLearner)
ValueError: all the input arrays must have same number of dimensions, but the array at index 0 has 2 dimension(s) and the array at index 1 has 1 dimension(s)

Test #1: failed 
Description: Test Case 02: Deterministic Tree (group: DTLearner)
ValueError: all the input arrays must have same number of dimensions, but the array at index 0 has 2 dimension(s) and the array at index 1 has 1 dimension(s)

Test #2: failed 
Description: Test Case 03: Deterministic Tree (group: DTLearner)
ValueError: all the input arrays must have same number of dimensions, but the array at index 0 has 2 dimension(s) and the array at index 1 has 1 dimension(s)

Test #3: failed 
Description: Test Case 04: Deterministic Tree (group: DTLearner)
ValueError: all the input arrays must have same number of dimensions, but the array at index 0 has 2 dimension(s) and the array at index 1 has 1 dimension(s)

Test #4: failed 
Description: Test Case 01: Random Tree (group: RTLearner)
ValueError: all the input arrays must have same number of dimensions, but the array at index 0 has 2 dimension(s) and the array at index 1 has 1 dimension(s)

Test #5: failed 
Description: Test Case 02: Random Tree (group: RTLearner)
ValueError: all the input arrays must have same number of dimensions, but the array at index 0 has 2 dimension(s) and the array at index 1 has 1 dimension(s)

Test #6: failed 
Description: Test Case 03: Random Tree (group: RTLearner)
ValueError: all the input arrays must have same number of dimensions, but the array at index 0 has 2 dimension(s) and the array at index 1 has 1 dimension(s)

Test #7: failed 
Description: Test Case 04: Random Tree (group: RTLearner)
ValueError: all the input arrays must have same number of dimensions, but the array at index 0 has 2 dimension(s) and the array at index 1 has 1 dimension(s)

Test #8: failed 
Description: Test Case 01: Bagging (group: BagLearner)
IncorrectOutput: Test failed on one or more output criteria.
  Inputs:
    data file: Istanbul.csv
    permutation: [243 201 323 417 406 123  82 238 322 472 166 506 236 300 378 447 350 287
 104 167  47  55 311 175 141 291 401 250  11 357  51  78 152 474 412 277
 218 254 103 535 215  38 174 217 296  10 193 131 146 397 315 186 129 502
 525 377 121 355 316 499 443 220 216 170 477 366  95 494 359 127  27 241
 416 367 305  76 524 207 265 418 369 436 136 330 120 181 486 297 312 327
 290 148 247 400 445 320 138 321 505 470  22 403 438 380 169 375 228 390
 145 395 285 387 226 347 450 414  94 433 440  26  44 204  89 182 209 317
 349 464  19 188 239 180 332  30  75 405  71 144 399  81 483 298 339  68
 163 442 150 149  96 511 310 233  12 168 458 532 364 460 271  45 179   8
 465 420 184 213 396 264  48 356 435 258 319 155 517 153  13  83 454 500
 219 509 227  50 109 151 344 425  40  54 137 205 504  74 431  29 185 197
 108 116 165 283 222 419   0 139 101 286 478 199 274 496 162 365 273 191
  97 248 229 398 112 383 276 518 473 158  33 314 512 441 118 338 434 462
 534 479 501 135   6 449 393 200  65 114 309 352  80 345 493 221 259 142
  37  24 423   5 340 508 299 457 266 475 105 125  17  79 208 177 391 234
 491 256 437 388 301 308 452 335 389  70  64   3 282 198 439  41 353  31
 334 245 392 402 488 281 456  60 451 484 196 263 272 346 176 249 531 255
 261 426 268 117 342 453 463  63 515 195 351 404  25 128 318 370 471 178
 348 225 206 489  57  18  87 189 326 306 279 288 361 124 341 194  21 202
 429 203   9 446  14 307 289 171 354 466 211 235 130 107 498 520 459 430
 113 133 360  32 246 379 513 237 523  35  84 187 210 527 252 140 492  85
 304 529 122  66 251 173 373 530   1 212 102 132 371 448 514 164 192 384
 262  90 343 328  36 526 172  46 292 106 497 147 232 516 408  98  42 394
  39 444  99 111 374 362 415  43 231 409 119 214 376  49 481 490 510 333
 358 336 160  15 422 482 324 303 293 253  73 468  20 278 507 495 230  16
 386 244  77  53 275 270 428 533 522 190 485  59 411  52 257 503  86 476
 302  62 242 480 427 313 424  93  56 280 381 410 240 159  67 487 161  69
  58  91 126  28 432 455 325 143 295 134 519 467 260 461 329 382 183 157
 100 294 521 224  34  23 421  61 269 368 363 528  88   4   2 223 154  92
 407  72 385 413 337 110 115 372 469 156 284 331 267   7]
  Failures:
    Out-of-sample correlation for 20 bags is not greater than for 1 bag. 20 bags:0.8764310289560667, 1 bag:0.8764310289560667

Test #9: failed 
Description: Test Case 02: Bagging (group: BagLearner)
IncorrectOutput: Test failed on one or more output criteria.
  Inputs:
    data file: Istanbul.csv
    permutation: [406 526  88 332 153 491 255  36 499 107 222 429 256 108 322 440 432 506
 534 447 524 238 234  45 176 514 436 109 480 247 150 313 421 317 494  67
 210 125 392 525 134 233 228 300 135  32 513 282 320 100 439  90  37 221
 212 182 117  82 149 364 343 510  33 226 457 418 162  92 338 152 476 425
 466 103  49 170 217 416 231 209  41  17 358 303 353 495  30 271  21 324
 292 147   2 388 204 328 521 394   8 399  31  19 342  43 522 402 454 348
 370  93 377 306 482 195 360 180 518 261  69 218 498 326 384 479   6 464
  27 285 380 441 185 113 190 450  79  75 227 307 198  77  11  39 423 291
 188  84 434 248   0 369 433 173 264 372  98  87  55 333 186 391 136 294
  60 205 345 444 405 319 428 341 130  99 272 533 137 351 346  71 192 308
 431 344 442 266 128 435 225 183 347 378  12 214 420 207 159 398 446 235
 246 356 270 337 488 486  76 121 485 458 407 213 355 200 191 242 196 143
 102 452 530 236 110 404 127 437 193 411 385 259 206  97 177  89 179 123
 508  40 224 161  56 415 284  72 390 268 139 230  42 366 520 144 467  61
 283  68 451 475 267 288 413 118 106 265 424 483  94 401  80 492 296 274
 215 119 438  96 244 249 166 305 371 531  50 151 257 449 232  15  64 474
 126 395 260 469 329 216 523 362 528 245  14 132  35  74 263 262 101  13
 304  53 219   1 509  20 168  58 298 311 181 383 279 502 229 155 178 133
 142 289 201 419 529 496 512 223  26 208 519 325 148 202 287  25 387  47
 252 174 352  38 443 286  46  63 243  48 116 165  86 471 167 373 184 340
 426 131  83 484 258 169 376 254 389  10 124  16 397 427 237 290 472 456
  70 396 301 156 463 460 465 269 315 318 339  54 489 251  51 497 302 295
 503 203 505 278 403 277 129 163 400 273 240 199 517 381 462 535 330 386
 349 336 382 211 459  62 504 470 115 299 393 409 253 141 468  18 532 379
 281 368  34 473 146 310 507 138   3 445 105 239  78 515  73 410 354 361
 334 417 297 414 187 365 461 120  22 312 323 501 309 154  65  23 114  24
 164 197 430 455  95 111 374 350 276 321 314 275 122 408 481 158 453 448
 140  29 145 357 189   4 500   5 493  52  66 375 487   7  59 220 241 157
 194 335 250 327 363 478 293 112 516  81 316  57 331  44   9  28 422 280
 511 477  91 490 412 172 367 175 160 104 359 171  85 527]
  Failures:
    Out-of-sample correlation for 20 bags is not greater than for 1 bag. 20 bags:0.8980396788369254, 1 bag:0.8980396788369254

Test #10: failed 
Description: Test Case 03: Bagging (group: BagLearner)
IncorrectOutput: Test failed on one or more output criteria.
  Inputs:
    data file: Istanbul.csv
    permutation: [404 400 371 426 236 207   2 229 243 257 399 192 266 344  18 239 494 295
 136 479 255 353 313 510 176 278 199 178 433 516 186 241 181 489 263 293
 158 382 447 511 140 287 276 442 386  21  87 342 318 163 407 162 326 459
 284 150  49 177  88  92 383 530  68  31 301 112 525  53 475 315 205 473
 509  28 458 316  54 340 330 443  42 462 131 265 350 145 138 451 438 455
 508  64 193  30 486 337 102 174 294 336 258 437 200 187 127 468 312  51
 361 159 466 260 499 105 352 460 209   9 224 463 234 360 141 417 424 227
 113 430 528 286  75 411 275 271 108 206 379  33 481 117 521 170  61 501
  36 230  27 119   3 267  58 476 218 262 223 269 101 497 519 440 518 256
 514 149 251 160  57 179 233 268  77 401   5  60  84  25 402 128 240 522
 533 484 161 172 213 534 245 445 423 368  15 217 211 175 358 214 320 369
 196 520 464 165 351  24 384 345 396 228  70 512 208 314  59  38 292 103
  55 515  78 376  95 333 348  82 456 357 385 490  85 120 289 244 435  96
 355 453 122   8 403 144 156 203 529 346 506 291 246 390 325 436 420  97
 434 100 130 439 387 212 373 106 201 397  81 124 249  44 222 215 225 431
 482 302 356 487 290 197 405 444 338  45 457 307 392  72 153 248 416 524
 166 347  74   0 297 126  43 152 242 306 195 285 414 393 527  62 381 319
 133 142   6 304 467  65  93 129 335 427 155  19 409  17 277 448 154 526
 110 472  56 500 280  40 415 185 226 296 374 370 147 428  48 419 532 261
 188 328 421 323 493 363  22 168 311 303 503  98  20 288  67 470 535 259
  12 109 327  89 339  90 231  94   7 189 441 254 305 425 309 169 422 116
 164 317 372  29 366 114 377 204 183 134 364 389 157 513   1 232 237 354
 523 180  16 137  47 507 216 123 505 171 210 151 362 413  99 253 115 202
 167 321 322 471 308 274 104 395 135  39  86  34  71 488 412 365 341 252
 388 272 454 492 380 432 429 182 118 139 283 331 300 235 238 367  10 250
 198 191  80 194 190 221 121  50 496 146 148 483 220  26  52  11 531 408
  69 281  63  66 469 474  14 184  37 452 410 498 107  76 491  13  32 343
 173 132 310 418 375  91 270 264 398  41 332 279 504 449 299 282 219  83
  73 324 359   4 465 349 478 391 495 125  35 298 329 406 143 517 446 273
 477 247 334 502  23  79  46 394 461 480 378 111 450 485]
  Failures:
    Out-of-sample correlation for 20 bags is not greater than for 1 bag. 20 bags:0.8892853061967106, 1 bag:0.8892853061967106

Test #11: failed 
Description: Test Case 04: Bagging (group: BagLearner)
IncorrectOutput: Test failed on one or more output criteria.
  Inputs:
    data file: Istanbul.csv
    permutation: [267 137 167 435 402 440 173 320  89  50 232 474 247 203 272 445 283 484
 383 226  49  11 102 143 419 450  47 166 421 241 189 263 161 224 186 298
 520 117 191  78 497 524 334  71  36 347 501 125 466 443 469 139 188 389
 160 360 379 514  35 142 465 358 486 238 171 243 523 405 269 136 310   5
 372  58 259 529 307 257 522 147 180 211 277   0 526 276 165 146  63 235
 471  51 345 227  22  10 164 204 513 140  90  27  74 457 190 205 304 525
 430 219 461 214  84 118 472 387 373 385 434 495  76 158  42 367 221   2
 418  17 429 220 222 420 532 431 110 496 289 148 106  86 460 300 438  14
 104  91 503 343 476 119  70 212   1 377 316 223 376 467 116 487 215 468
 346 168 265 264  13 473  97  33 382 192 201 182 195 400  59 482  93 498
 295 156  20  55 151 297 417 329 282 185 342   6  12 254 369 499 446 449
 246 444 194  23 491 331 410 108 131 179 490 133 534 134 408  67 349 174
 371 437 448 325 242 248 530 273 357  81 199 288 250 176 159 399 309   4
 196 361 262 344 285  15 213 107 480 413 252  19 403 206 149  68 100 374
  39 141  21 207 478 506 129  66 464 407 251 470  28 423 485 415 321 533
 504 378 341  69 124 217 337 483 150 255 178 109 336 425 439  38 455 489
 239 200 145 330  34 390 507 135 428  46 163  48 388 197 105 208 392 521
 249 432 162 209 299  98 454 198 515 326 396   7  95  92  57 292 183 365
 441 509 128 354 169 364 363 481 293  73 172  16  99 245 233 356 253 350
 312 414 229 458   3 202 279  77  65 274 386 477 352  60 427 433 511 244
  31 266 333 453  54 114 391 401 101  45  72 170 228 381  85 319 398 308
 527 311 187 103 516 327  30 313 271 359 281 493 494 175 517 528 284 426
  94 270 237 230 287 184  37 115 502 447 475  61  24 318  87 422 314 531
 112 340  64 355 452 294 127  18 275 323  88 280 291 338  79 234 353  29
 138 510 258 181  82 225 436 339 412 512 479 126   8 113 256 535 348 411
 406  32  25 424  44 231  83 153 368 384 278 335  43 404 157 301 462 130
 375 193 456 395 317 324 305 303 416 260 268 236 111 132 144  52 505 322
  75 362 155 366 261 332 519 122 351 290 328 393  80 123 380 306 218 451
 463 492 296 442 152 177   9 409 120 154 240  53  26  41  56  62 286 459
  40 397 216 508 500 488  96 302 370 210 121 315 518 394]
  Failures:
    Out-of-sample correlation for 20 bags is not greater than for 1 bag. 20 bags:0.8618113050734729, 1 bag:0.8618113050734729

Test #12: failed 
Description: Test Case 05: Bagging (group: BagLearner)
IncorrectOutput: Test failed on one or more output criteria.
  Inputs:
    data file: Istanbul.csv
    permutation: [127 381 364 131 183 510 463 114 373  56 260  17 454 506  57  25 141 391
 170 205 315 237 326 488  90 180 429  91   6 107 126 347 375 501 113 274
 450 207 434 439 287  75 504  73  11 120  18 512 241 185 130 422 403 178
 445 494  65 480 142 146 249 156 255 275  79 387 325 125 499 350 280 116
 394 318  71  62 448 123 360 167 263 217 425 268 199  54 226 496 477 158
 297 367 331 518 363 285 478 121  21 328 415  13 307 466 115 528 482 535
 319  23  95 355 516 283  89  47 418 343 332 296 523  94  12 379 313 507
 392 483 390 253 329 520 194  64  87 266  63 218   4 192  34 529 412 281
 530 294 308 279 222 487  93  10 376 223  99 378  39 502  33  19 154 105
 424 322 458 251 239 436  60 401 451 236 191 335 219 511 468 103 490 351
   8  76 229 230 481  38 299 414  77 513 171 472 389 337 309 278 427  53
  30 157 227 134 243 465  52 246 457 139 144 231 310 519 327 224  48 111
 291 304 442 198 312 257 306   5 369 288 164 342 109 446 252 377 151 396
 166 533 143 293 286 365 140 276  16 495 408 497  86 370 272 110  88 509
 503 162 353 420 124 361 441  92 417 117 492 431 362 284 443  49 118 298
 137 181  36 108 101 122 138 270 444 368 473 527 305 407 456  14 340  46
   3 147 411 214 106  50 242 104  28 155 168 366  69 136 292 410 184 238
 514 532 462 500 102  61 228 524 193   9 475 200 526  68 265 259 402 345
  67 405  41 359  15 235 300  96 521  70 397 453  58 204 440  55  26 188
  74 172 189 423 459 232 395 212 277 470  66  45 210 469 148 248 491 489
 295 476 438 174 179 161  83 324 301 388 202 471  84 152 234 258 267 461
  24 221 525 358 498 467 398 485 196 380 129 320 386 352 428 135 303 385
 195 336  81  51 330 333 447 128  35 371 382 216 517 119 416 354 215 160
 474 486 240 245 522 262  27 149 406 173 341 290 254 505 250 177 187 244
 348 349 357 316 211  20 208 176 100  32 339 484 426 203  22 282 430 269
 201 393 449 175 233  29  44 452 165 344 421 432 314  80 163 400  98 112
 374 399 256 264 338 383 323 437 153 273 479 460 206 321  43  72 404 372
 302 493   0 419 186  40  82   7  37  97 455 317 346 531 220 433 159 271
  85 435  78 261 225 132 384 133 247 197 169 508 182 289 413 534 311 213
  31 464  59   1 145 515   2 190 356 209  42 150 334 409]
  Failures:
    Out-of-sample correlation for 20 bags is not greater than for 1 bag. 20 bags:0.8950530849322983, 1 bag:0.8950530849322983

Test #13: failed 
Description: Test Case 06: Bagging (group: BagLearner)
IncorrectOutput: Test failed on one or more output criteria.
  Inputs:
    data file: Istanbul.csv
    permutation: [127 484 528 460 358 456 335 119 310 199 298  77  53 240 203  36 328 532
 191 326 249 438 458 316 412  63   1 282   7 404 466 473  81 349 259 139
 133 206 273 341  13 411  71 519   0 251 162  15 147 110 465 488 424 280
 385 204 381 250  67 295 397 364 343 275 222  54 492 296 281 368 365 168
 291 160 375 444 158 236 103  56  64 268 215 208 163 225 286 324 475 197
 450 149 212 237 483 505 166 252 399 113  84 493 387 370  12 525 346   6
 241  60 294 462 400 123 504   5  32  61 454 423 440  31  89  11 315 426
  50 333 187 403  45 415 243 447 228 115 448 499  98 327 277  94 362 527
 337  72  19 520  14 533 230  33 459 209  85 501 151 405 332 425 219 216
 290 421 116 276  34  47  57 260 417 416 356 347 409  65 318 196 515 254
 263 105 406 169 429 461 383  46 434 340 427 357 414 419 481 164 108 420
 239  30  18 334 279 220 351 517 345 304 174 297 145 331 451 186 485  52
 284 479 211 130 150 366 374 329 323  58 435 175 480 352 217 372 522  74
 114 131 278 132 200   4 369 516 171 396 486 336  28 248 143 194 232  49
 355 442 490 319 498 292 198 496 221 238  88 363 407 446 112 121 344  27
 529  91 184 257 247 437 190 302 227 468 172 101 506  39 531  82  59 367
 307 497 476 478 258 154 432 303 392 205 293 361 443 428 201  51 455  37
 265 152  78 348 430 482 371 339 218 120 377 111 181 402 144 106 161 285
  75 513  43 165 141 308 325 360 511  44 178  21 477  92 309  73  68  23
 509   9 391  42 140 312 159  90 518 287 192 253 224 207 384 380 189 118
 157 521 313 235 317  48 134 471 148 269 301  76 100 413 136 342  86   2
 472 167 195 408 376 338  66 107 266 153  87 494 389 503 410 125  83 138
 223 117 390 469 305 193  96 436  69 535 128 491 170 289 322 457 155 185
 321  80 320   3 246 452 431  99 173 183 231 262  70 439 464  93 474 267
 104 512 244 354 188 508  22 156 467 453  24 255 510 395 213 177 122 449
 401 350 489 202 379  29 530 233 137 274 359 463 300 226 470 534 386 523
  17 142 524 229 245 180 179 272 288  41 398 102  26 270 311 382 502  20
  40  10 214 441 146 445 135 242 388 394 514 264  38 418 109 283 507 124
   8 353 433 182 129 176  25 393 487  95 330  62 306  97 256 210 526  16
 422 500 234 314 299 261 378 495  55 126 271  35  79 373]
  Failures:
    Out-of-sample correlation for 20 bags is not greater than for 1 bag. 20 bags:0.8932444876090093, 1 bag:0.8932444876090093

Test #14: failed 
Description: Test Case 07: Bagging (group: BagLearner)
IncorrectOutput: Test failed on one or more output criteria.
  Inputs:
    data file: Istanbul.csv
    permutation: [380 524 116 230 497 394   6 214  96  17 186  70 191 390 110 318 358  46
 298 486 485 334  24 492 203 259 136 355  86 294 468 479 408 264 451  49
 493 333 532 420 262 256 403 452   5  20 139 201 416 177 328 359 515  55
 121  12 393 258 381 457 112 481 395 347 352  38 255 161  58 383  18 173
 473  73 183  99 233  65  64 464 263 301 402  79 421 236 254  72 224 111
  39  85 520 418 276  14 397 426 377 132 340 153 281 389 399 314  77   1
 440 114 319 472 432 321 199  87 179  97 103 213 364 327 463 200 370 322
 367 138 496 410 287 220 344 424  22 142 141 146 469  84 310 332 207  52
  93 341 190 459  75 453 438  69 509 535 107 308 246  57 369 131 273 150
 427 489 345 156 145 487 442 286 147 306   3 295 127 304 530 148 155 503
 108 239 436 534  26  21  62  80 157 252 162 484 170 323 277 392 467 280
 296 448 375  45 533 531  95 430 101 126 202 507 415  43 117 417 245 513
  66 130 431 447  68 140 165   4 462 343 458 335 257 474 171  11 357  13
 235 303 192 122 167 251  83 475  81 506 206 425 315 435 194 356 365 229
 309  88 135 234 494  30 338 152 495 456  31 225 382 526 105  60 223 434
 362 439  32 407 115 372 124 109 189 160 331  50 238 102 104 134 398 360
 269 210 288  92 483 336 348  40 172 354 216 405 250  61 437 465  59 227
 279 137  41  15 433  76 461 523 337 282  98 470 268 455 522 231 267  48
 291 477 330 490 293 466 311 391 290 226  19 169 350 329 525 217 401  33
 450 133 271  71 412 120  44 164  37   8 498 119 366 388  90  35 302 501
 529 396 349 511 324 428 409  29 166   9 143 128 342 284 373 205 471  27
 527 444 505 400  82 454 292 283 278 175 159 449 212 361 387 499 260 237
  53 253 368 307 371  23 249  42 178 516 187  67 232 275 243 313 316  78
 411 151 188 521 118 242 414 517 215 123 305 320 182 488 174  10 204 508
 512 445  89 353 386 149 180  36 211 195 514 168 404 460 144 106 299  56
 100 208 163 247 339 125 289 265 300 510 422 374 181  54 297 379 312  91
  47 502 219   0 270 482 346 480 221 326 423 519 261 129 351 240 376  25
 518 244 419 325 478 274 193 222  28  16   7 446  63 154 476 385 378 209
 443 198  74 285 406 218 491 241 266 441 363 113 500 184  51  94 317 272
 196 176   2 504  34 248 429 197 384 413 228 158 528 185]
  Failures:
    Out-of-sample correlation for 20 bags is not greater than for 1 bag. 20 bags:0.852997550324418, 1 bag:0.852997550324418

Test #15: failed 
Description: Test Case 08: Bagging (group: BagLearner)
IncorrectOutput: Test failed on one or more output criteria.
  Inputs:
    data file: Istanbul.csv
    permutation: [528 396 521 448 411 378 197 292  47 355 313 382 376 414 362 500 436 222
 474 388 195 417 194 445  34  59 534 394 353 201 206 309 188 198 358 172
 208 356  86  60 214 184 361 298 482 527  94 334 472  22   6  28  20 501
 220  30 481 386 221 205 328 137 288 120 520 176  18 199  87 523 335 303
 247  62 505 535  76 425 469 444  13 493 156 375  37 178 495 329 233 322
  56 492 437 397 385 456  85  52 141 435 225 473 470 209 330 401  26 443
 251 409 164  83  19 128 258 296 215  14 503 305 468 311 297 106 387 139
 451 200 510 366  39 522 488 383 337 285  69 133  15 466 114 226 268 405
 243 354 145 321 477 391 460 415 395 412 255 357 182 340 424 155  73 407
 167 132 304 168 530  58  90  51 163 531 179 347 162 244 308  68 327 318
 363 323  91 525 455 507 440 379 306 465 398 471 261   7 317  95 367 242
  44 438 459  78  29 140 131 102 118 276 399 499 265 273 374   5 439 286
 338 447 300 271 110 325 480  61 248 491 402  66 236 173 483 105 532 502
 529 349 449  41 345 272 284 161 453 207 264 371 115 497  38 263 232 121
  72 142 410 441 252  92  16  31 406 283 237 478 196 348 506  49 171 461
 293 342 165  21 351 134  57 246 364  74 119 359 175  96 267 427  11 230
 185 513 227 279  71 153 393 202  64 312 235 419 192 223 302 109 290 107
  46 245 191 181 331 326 250 112  97 489 487 291 234  36  63 512 150   1
 389 149 254  93 270 516  10 231 485 457 373 324 476 143 403  54 124 228
 314 416  50  33 113 213 370  25 117 413 103  65   9 344 256 216 421 183
 259 249 144 170 280  35 104 189 428 282 514 464 484 368 111 458 277 229
 452 169 278 524 174 240 310  81 190 423 463 148 157 147 138 315   0 381
 533 365 307  79 193 187 420 266 100 475  12 360 316 430 127  82 504  75
  99 336 241 203 494 122 333 446 239 454   8 146 339 210 289 508 123 253
 274 384 108 295 432 392 372 422  84 212 129 299 517 130 496 400 275 404
  17  55 467 116 408 281 518 204 490 135 433  70 159 152  48  67 218  40
 434 126  32 320 136 350 125 426 498   3  23 257  98 151 450 154 390 186
 301 269 462 211 158 479 294 509 515 418   2  53 369  27 180 160  89 431
 519  88 526 332 511 380 346 224  45  24 287 341 217 343  80 219   4 486
  43  42 377 260 101  77 352 319 166 442 429 262 238 177]
  Failures:
    Out-of-sample correlation for 20 bags is not greater than for 1 bag. 20 bags:0.864387553528396, 1 bag:0.864387553528396

Test #16: passed 
Test #17: failed 
Description: Random Classname Test Case (group: RandomName)
IncorrectOutput: Test failed on one or more output criteria.
  Inputs:
    data file: simple.csv
    permutation: [49 12  5  1 15 47 46  6 48 21 40 28 30 14 41 17 45 20 36  4 24 31 35 33
  8 44 19  0 32 27  7 16 26 29 25  2 13  9  3 38 42 39 43 10 22 34 37 18
 23 11]
  Failures:
   Exception calling BagLearner: max() arg is an empty sequence

</pre>
